4.512890666666664607e+00 2.755103921568626379e+00 3.540687558563248682e+00 0.000000000000000000e+00 1.124199734014623281e-01
2.399629555555555349e+00 1.093520208333333299e+00 8.677808849557523629e+00 1.000000000000000000e+00 1.140315191199382100e-01
1.854494444444445000e-01 1.572931666666666617e+00 2.688940328697850379e+00 2.000000000000000000e+00 1.113877083574022625e-01
3.905743362211222536e-01 1.117253448844884867e+00 4.838214308244978668e+00 3.000000000000000000e+00 1.313490887163299148e-01
7.790369551282052551e-01 1.325112820512820644e+00 4.648363648740640564e+00 4.000000000000000000e+00 1.085817022965504530e-01
3.777515177536231672e+00 2.486731594202897355e+00 3.116681492881877791e+00 5.000000000000000000e+00 1.069547362301660615e-01
1.571259502604166247e+00 2.423887005208334333e+00 5.994874999999999510e-01 6.000000000000000000e+00 1.247403556481003761e-01
1.303624504504504455e-01 2.033166666666666345e+00 1.354884907916765968e+00 7.000000000000000000e+00 1.543356899071384181e-01
9.655231250000000098e-02 1.854186388888888537e+00 1.882311061946902564e+00 8.000000000000000000e+00 1.350579479088385992e-01
1.121710372222222363e+00 8.314419444444443030e-01 6.485286725663717000e+00 9.000000000000000000e+00 1.066386252641677856e-01
3.997028534722223636e+00 2.659597638888890003e+00 1.124438053097345375e-01 1.000000000000000000e+01 1.263851073260108537e-01
1.139673091666666860e+00 2.455048750000000446e+00 5.564955752212390194e-02 1.100000000000000000e+01 1.167468070983886663e-01
4.545236500000000568e-01 2.316978250000000461e+00 8.322778761061947472e-01 1.200000000000000000e+01 1.159984447062015478e-01
4.880834628906254302e-01 2.442464199218752796e+00 1.834366150442475196e-01 1.300000000000000000e+01 2.278928355663083494e-01
1.414591111111111743e-01 2.328626172839506570e+00 6.532365781710913755e-01 1.400000000000000000e+01 1.223046862416797276e-01
1.221809944444445239e+00 5.411630065359466224e-01 7.712406529337415328e+00 1.500000000000000000e+01 1.497438712572517205e-01
2.332100535087719972e+00 1.395297105263157533e+00 6.700785095482068243e+00 1.600000000000000000e+01 1.150155212534101357e-01
3.278519756944445529e+00 2.218539097222221645e+00 4.504092035398230998e+00 1.700000000000000000e+01 1.185853475083907399e-01
4.190402708333333059e+00 2.613939404761905116e+00 8.549201011378002590e-01 1.800000000000000000e+01 1.248599062008517169e-01
4.176112745036571816e+00 2.600886016196432227e+00 1.989444630621133081e+00 1.900000000000000000e+01 1.492603859137218159e-01
3.670292862068966322e+00 2.535722126436781299e+00 9.607139456820262824e-01 2.000000000000000000e+01 1.267968102775771100e-01
3.320808083333333105e+00 2.457396887755104231e+00 4.133967130214916685e-01 2.100000000000000000e+01 1.287644505500793457e-01
2.936178318181818625e+00 2.451562121212121248e+00 3.063607401448109613e-01 2.200000000000000000e+01 1.240110383792357024e-01
3.249009575000000094e+00 2.370672333333332826e+00 1.704003539823009117e+00 2.300000000000000000e+01 1.090982869267463629e-01
2.018619077898549108e+00 1.679652826086956097e+00 5.073757291265872382e+00 2.400000000000000000e+01 1.244962877877380525e-01
2.541465054545454016e+00 1.991327121212122631e+00 4.467590024135155602e+00 2.500000000000000000e+01 1.344500958919525035e-01
3.067803240384615382e+00 2.041033931623931430e+00 6.384702995234853518e+00 2.600000000000000000e+01 1.669893126266124850e-01
3.908900698448901867e+00 2.449169835766394687e+00 5.094883327950375573e+00 2.700000000000000000e+01 1.384740679857939805e-01
2.854196333333331115e+00 2.253239355158728863e+00 3.826712136536032371e+00 2.800000000000000000e+01 1.484593545929306924e-01
2.490868765432098897e+00 1.771798641975308897e+00 5.616496165191741774e+00 2.900000000000000000e+01 1.160400707136701598e-01
2.795542555555555086e+00 1.861491706349206243e+00 5.983384070796459397e+00 3.000000000000000000e+01 1.159557831429299801e-01
2.649824576388888797e+00 1.502617986111111081e+00 7.310784513274335872e+00 3.100000000000000000e+01 1.123278457671403885e-01
2.038042345959595991e+00 2.144738787878786468e+00 3.072828962188254742e+00 3.200000000000000000e+01 1.270992676868583082e-01
2.583324961720865343e+00 2.366805860433598863e+00 1.016545089574788951e+00 3.300000000000000000e+01 2.222618930708102070e-01
2.843198749999999553e+00 2.252326190476189982e+00 1.970049683944374408e+00 3.400000000000000000e+01 1.182492460523332928e-01
3.073380726744186831e+00 2.301339773901807995e+00 2.615660259312615477e+00 3.500000000000000000e+01 1.308745198933653209e-01
2.412460069444444688e+00 2.221444621212119497e+00 1.976567900241351428e+00 3.600000000000000000e+01 1.268406451651544198e-01
2.656239833333333689e+00 1.427594298245614013e+00 8.102219655333021464e+00 3.700000000000000000e+01 1.248748729887761560e-01
3.894400915274226271e+00 2.311989413024825968e+00 7.950929399185578283e+00 3.800000000000000000e+01 1.595707865752720167e-01
3.518450366666666440e+00 2.155895999999999813e+00 7.172100884955751710e+00 3.900000000000000000e+01 1.210869796574115809e-01
