4.512890666666664607e+00 2.755103921568626379e+00 3.540687558563248682e+00 0.000000000000000000e+00 1.124199734014623281e-01
1.854494444444445000e-01 1.561973690476190280e+00 2.722903666245258592e+00 1.000000000000000000e+00 1.113752783054397233e-01
2.900792303240739556e-01 1.226690057870371220e+00 4.085839823008851290e+00 2.000000000000000000e+00 1.287641607017980805e-01
4.207114722222224934e-01 1.018694419934640605e+00 5.436418948464339707e+00 3.000000000000000000e+00 1.385656609839084064e-01
3.770230333333333128e+00 2.488889558823528692e+00 3.079185736595523526e+00 4.000000000000000000e+00 1.059744590345551019e-01
1.219991409400545734e+00 5.496298683015428121e-01 7.681057384678466882e+00 5.000000000000000000e+00 1.484563227854567569e-01
3.984198020833334297e+00 2.656401562500001035e+00 1.256517699115044517e-01 6.000000000000000000e+00 1.249369929234186855e-01
4.384640211323765913e-01 2.406419453748008142e+00 3.488284540796885436e-01 7.000000000000000000e+00 1.863787696478469424e-01
1.307670162037037065e-01 2.037428101851851192e+00 1.345187168141592560e+00 8.000000000000000000e+00 1.551105406963163014e-01
1.573167488505746725e+00 2.416695833333334154e+00 6.218613365883429722e-01 9.000000000000000000e+00 1.251911073923110962e-01
3.633242491499912408e+00 2.235022198522430781e+00 6.760488329382381423e+00 1.000000000000000000e+01 1.396587951174511899e-01
3.110005930525828077e+00 2.371581196169403327e+00 2.048259096852452110e+00 1.100000000000000000e+01 1.468935303076261412e-01
